382295
382314
382325
382357
382375
382541
382666
382727
382777
382885
382319
384201
382287
382297
382332
382397
382327
382280
382333
382399
382411
382421
382755
382278
382380
382526
382585
382279
382401
382412
382532
382273
382414
382437
382517
382398
386257
386270
382438
382742
382429
382533
382656
382691
382757
382787
382870
382940
382943
382419
342540
382609
382647
382741
382538
382608
382718
382759
382860
382893
384160
384208
386020
382591
386242
382629
382650
382687
382749
382808
382663
382729
382775
382847
382693
382686
382728
382785
382833
384135
382772
382842
382892
382941
382797
382840
386233
382864
382915
382905
382934
382935
382989
384137
384174
386009
386094
386129
386244
382985
384142
384172
386023
386063
386109
386159
386187
386237
384192
384193
386039
386090
386135
384207
386044
386089
386128
386227
386246
386040
386098
386136
386059
386161
386102
386162
386228
386240
386150
386197
386234
386153
386212
